fpm_0.44:
  max: [ 5, 5, 10.00022221, 357.19000244, 38.62746811, 48.47133255, 50.60621262]
  min: [-5, -5, 0, 0, -5.63886223e+01, -3.69567909e+01, -7.22953186e+01]
  mean: [0, 0, 5, 23.9, 0, 0, 0.034]
  std:  [2.68, 2.68, 3.09, 55.08, 0.3246, 0.3233, 0.6973]

cosmology:
  min:  [0,0,0, -2466, -2761, -2589, -17135.6, -20040, -20096, -6928022]
  max:  [6.2500008e+01 6.2500000e+01 6.2500000e+01 2.7808181e+03 2.9791230e+03
  2.6991892e+03 1.9324572e+04 2.0033873e+04 1.7973633e+04 6.3844562e+05]
  mean:  [ 30.4,  32.8,  32.58, 0, 0, 0, 0, 0, 0, -732720]
  std:  [18.767, 16.76, 17.62, 197.9, 247.2, 193.54, 420.92, 429, 422.3, 888474]
